-0.701403 0.000001
-0.669339 0.000002
-0.661323 0.000003
-0.653307 0.000002
-0.637275 0.000002
-0.629259 0.000011
-0.621242 0.000014
-0.613226 0.000011
-0.605210 0.000012
-0.597194 0.000021
-0.589178 0.000023
-0.581162 0.000030
-0.573146 0.000043
-0.565130 0.000058
-0.557114 0.000048
-0.549098 0.000047
-0.541082 0.000060
-0.533066 0.000082
-0.525050 0.000098
-0.517034 0.000123
-0.509018 0.000107
-0.501002 0.000149
-0.492986 0.000169
-0.484970 0.000209
-0.476954 0.000242
-0.468938 0.000271
-0.460922 0.000329
-0.452906 0.000395
-0.444890 0.000426
-0.436874 0.000461
-0.428858 0.000532
-0.420842 0.000541
-0.412826 0.000593
-0.404810 0.000570
-0.396794 0.000661
-0.388778 0.000661
-0.380762 0.000784
-0.372745 0.000910
-0.364729 0.001023
-0.356713 0.001177
-0.348697 0.001343
-0.340681 0.001476
-0.332665 0.001699
-0.324649 0.001884
-0.316633 0.001838
-0.308617 0.002010
-0.300601 0.001838
-0.292585 0.001979
-0.284569 0.001940
-0.276553 0.002020
-0.268537 0.002077
-0.260521 0.001988
-0.252505 0.002132
-0.244489 0.002017
-0.236473 0.002062
-0.228457 0.002020
-0.220441 0.002047
-0.212425 0.002103
-0.204409 0.002241
-0.196393 0.002350
-0.188377 0.002663
-0.180361 0.002950
-0.172345 0.003320
-0.164329 0.003731
-0.156313 0.004374
-0.148297 0.005624
-0.140281 0.006485
-0.132265 0.007137
-0.124248 0.007580
-0.116232 0.007953
-0.108216 0.007740
-0.100200 0.007507
-0.092184 0.007581
-0.084168 0.007483
-0.076152 0.007833
-0.068136 0.008274
-0.060120 0.008843
-0.052104 0.009273
-0.044088 0.009197
-0.036072 0.009380
-0.028056 0.009267
-0.020040 0.009389
-0.012024 0.009373
-0.004008 0.008938
0.004008 0.009105
0.012024 0.009331
0.020040 0.009155
0.028056 0.009172
0.036072 0.009359
0.044088 0.009087
0.052104 0.008811
0.060120 0.008711
0.068136 0.008122
0.076152 0.007954
0.084168 0.007647
0.092184 0.007496
0.100200 0.007341
0.108216 0.007281
0.116232 0.006741
0.124248 0.006692
0.132265 0.005987
0.140281 0.005598
0.148297 0.005133
0.156313 0.004586
0.164329 0.004231
0.172345 0.003673
0.180361 0.003597
0.188377 0.003402
0.196393 0.003297
0.204409 0.003127
0.212425 0.002944
0.220441 0.002854
0.228457 0.002734
0.236473 0.002723
0.244489 0.002659
0.252505 0.002624
0.260521 0.002509
0.268537 0.002524
0.276553 0.002487
0.284569 0.002405
0.292585 0.002464
0.300601 0.002424
0.308617 0.002347
0.316633 0.002420
0.324649 0.002383
0.332665 0.002278
0.340681 0.002350
0.348697 0.002214
0.356713 0.002242
0.364729 0.002097
0.372745 0.002166
0.380762 0.002140
0.388778 0.002219
0.396794 0.002277
0.404810 0.002225
0.412826 0.002188
0.420842 0.002217
0.428858 0.002227
0.436874 0.002266
0.444890 0.002363
0.452906 0.002326
0.460922 0.002337
0.468938 0.002359
0.476954 0.002301
0.484970 0.002270
0.492986 0.002345
0.501002 0.002215
0.509018 0.002268
0.517034 0.002320
0.525050 0.002404
0.533066 0.002446
0.541082 0.002374
0.549098 0.002498
0.557114 0.002523
0.565130 0.002597
0.573146 0.002501
0.581162 0.002445
0.589178 0.002553
0.597194 0.002433
0.605210 0.002467
0.613226 0.002417
0.621242 0.002400
0.629259 0.002494
0.637275 0.002432
0.645291 0.002505
0.653307 0.002404
0.661323 0.002461
0.669339 0.002614
0.677355 0.002572
0.685371 0.002632
0.693387 0.002536
0.701403 0.002650
0.709419 0.002732
0.717435 0.002783
0.725451 0.002725
0.733467 0.002789
0.741483 0.002913
0.749499 0.002964
0.757515 0.002973
0.765531 0.002972
0.773547 0.003206
0.781563 0.003267
0.789579 0.003370
0.797595 0.003529
0.805611 0.003641
0.813627 0.003974
0.821643 0.004185
0.829659 0.004646
0.837675 0.005202
0.845691 0.005606
0.853707 0.006141
0.861723 0.006552
0.869739 0.007080
0.877756 0.007616
0.885772 0.007789
0.893788 0.008140
0.901804 0.008126
0.909820 0.008374
0.917836 0.008232
0.925852 0.008614
0.933868 0.009147
0.941884 0.009435
0.949900 0.009679
0.957916 0.009829
0.965932 0.009758
0.973948 0.009948
0.981964 0.009754
0.989980 0.009778
0.997996 0.009592
1.006012 0.009915
1.014028 0.009832
1.022044 0.009859
1.030060 0.009613
1.038076 0.009791
1.046092 0.009479
1.054108 0.009107
1.062124 0.008562
1.070140 0.008187
1.078156 0.007908
1.086172 0.008043
1.094188 0.008110
1.102204 0.008123
1.110220 0.008246
1.118236 0.007915
1.126253 0.007707
1.134269 0.006889
1.142285 0.006139
1.150301 0.005118
1.158317 0.004139
1.166333 0.003679
1.174349 0.003311
1.182365 0.003032
1.190381 0.002766
1.198397 0.002568
1.206413 0.002465
1.214429 0.002300
1.222445 0.002346
1.230461 0.002237
1.238477 0.002278
1.246493 0.002189
1.254509 0.002238
1.262525 0.002181
1.270541 0.002291
1.278557 0.002179
1.286573 0.002209
1.294589 0.002103
1.302605 0.002034
1.310621 0.001981
1.318637 0.001958
1.326653 0.001638
1.334669 0.001497
1.342685 0.001309
1.350701 0.001127
1.358717 0.000942
1.366733 0.000861
1.374749 0.000759
1.382766 0.000725
1.390782 0.000643
1.398798 0.000586
1.406814 0.000562
1.414830 0.000551
1.422846 0.000514
1.430862 0.000471
1.438878 0.000435
1.446894 0.000364
1.454910 0.000343
1.462926 0.000256
1.470942 0.000249
1.478958 0.000221
1.486974 0.000176
1.494990 0.000136
1.503006 0.000132
1.511022 0.000126
1.519038 0.000089
1.527054 0.000107
1.535070 0.000105
1.543086 0.000076
1.551102 0.000048
1.559118 0.000034
1.567134 0.000038
1.575150 0.000031
1.583166 0.000038
1.591182 0.000031
1.599198 0.000026
1.607214 0.000029
1.615230 0.000021
1.623246 0.000016
1.631263 0.000003
1.639279 0.000006
1.647295 0.000008
1.655311 0.000006
1.663327 0.000006
1.671343 0.000002
1.711423 0.000001
1.759519 0.000001
